Date,Budget,Buy/Sell,Profit,Reward
2017-01-03,10000.00,Buy,,0
2017-01-04,10000.00,Buy,,0
2017-01-05,10000.00,Buy,,0
2017-01-06,10019.15,Sell,19.15,19.14990200000011
2017-01-09,10019.15,Buy,,0
2017-01-10,10017.30,Sell,1.85,0
2017-01-11,10017.30,Buy,,0
2017-01-12,10017.30,Buy,,0
2017-01-13,10017.30,Buy,,0
2017-01-17,10017.30,Buy,,0
2017-01-18,10017.30,Buy,,0
2017-01-19,10017.30,,,0
2017-01-20,10019.61,Sell,2.31,2.31005899999991
2017-01-23,10019.61,Buy,,0
2017-01-24,10030.78,Sell,11.17,11.170165999999881
2017-01-25,10030.78,Buy,,0
2017-01-26,10030.78,,,0
2017-01-27,10030.78,Buy,,0
2017-01-30,10036.36,Sell,5.58,5.579834000000119
2017-01-31,10036.36,Buy,,0
2017-02-01,10036.36,Buy,,0
2017-02-02,10036.36,Buy,,0
2017-02-03,10063.34,Sell,26.98,26.979980999999952
2017-02-06,10063.34,Buy,,0
2017-02-07,10063.34,Buy,,0
2017-02-08,10063.34,Buy,,0
2017-02-09,10096.57,Sell,33.23,33.23022399999991
2017-02-10,10096.57,Buy,,0
2017-02-13,10096.57,Buy,,0
2017-02-14,10096.57,Buy,,0
2017-02-15,10177.93,Sell,81.36,81.36010699999997
2017-02-16,10177.93,Buy,,0
2017-02-17,10257.20,Sell,79.27,79.27001900000005
2017-02-21,10257.20,Buy,,0
2017-02-22,10257.20,Buy,,0
2017-02-23,10257.20,Buy,,0
2017-02-24,10359.34,Sell,102.14,102.14013699999987
2017-02-27,10359.34,Buy,,0
2017-02-28,10359.34,Buy,,0
2017-03-01,10359.34,Buy,,0
2017-03-02,10359.34,Buy,,0
2017-03-03,10359.34,Buy,,0
2017-03-06,10359.34,Buy,,0
2017-03-07,10359.34,Buy,,0
2017-03-08,10423.95,Sell,64.61,64.60986300000013
2017-03-09,10423.95,Buy,,0
2017-03-10,10501.86,Sell,77.91,77.9101569999998
2017-03-13,10501.86,Buy,,0
2017-03-14,10501.86,Buy,,0
2017-03-15,10501.86,Buy,,0
2017-03-16,10501.86,Buy,,0
2017-03-17,10501.86,Buy,,0
2017-03-20,10501.86,Buy,,0
2017-03-21,10501.86,Buy,,0
2017-03-22,10501.86,Buy,,0
2017-03-23,10501.86,Buy,,0
2017-03-24,10501.86,Buy,,0
2017-03-27,10501.86,Buy,,0
2017-03-28,10501.86,Buy,,0
2017-03-29,10584.12,Sell,82.26,82.25976600000013
2017-03-30,10584.12,Buy,,0
2017-03-31,10584.12,Buy,,0
2017-04-03,10584.12,Buy,,0
2017-04-04,10584.12,Buy,,0
2017-04-05,10584.12,Buy,,0
2017-04-06,10662.06,Sell,77.94,77.93994100000009
2017-04-07,10662.06,Buy,,0
2017-04-10,10738.37,Sell,76.31,76.30981400000019
2017-04-11,10738.37,Buy,,0
2017-04-12,10790.74,Sell,52.37,52.3698730000001
2017-04-13,10790.74,Buy,,0
2017-04-17,10846.67,Sell,55.93,55.92993200000001
2017-04-18,10846.67,Buy,,0
2017-04-19,10890.17,Sell,43.50,43.5
2017-04-20,10890.17,Buy,,0
2017-04-21,10922.76,Sell,32.59,32.5898430000002
2017-04-24,10922.76,Buy,,0
2017-04-25,10983.12,Sell,60.36,60.36010699999997
2017-04-26,10983.12,Buy,,0
2017-04-27,10983.12,Buy,,0
2017-04-28,10983.12,Buy,,0
2017-05-01,11033.87,Sell,50.75,50.75
2017-05-02,11033.87,Buy,,0
2017-05-03,11033.87,Buy,,0
2017-05-04,11033.87,Buy,,0
2017-05-05,11033.87,Buy,,0
2017-05-08,11033.87,,,0
2017-05-09,11033.87,Buy,,0
2017-05-10,11033.87,Buy,,0
2017-05-11,11081.09,Sell,47.22,47.2199700000001
2017-05-12,11081.09,Buy,,0
2017-05-15,11118.03,Sell,36.94,36.94018499999993
2017-05-16,11118.03,Buy,,0
2017-05-17,11118.03,Buy,,0
2017-05-18,11118.03,Buy,,0
2017-05-19,11136.94,Sell,18.91,18.909912000000077
2017-05-22,11136.94,Buy,,0
2017-05-23,11171.55,Sell,34.61,34.60986300000013
2017-05-24,11171.55,Buy,,0
2017-05-25,11216.87,Sell,45.32,45.32006799999999
2017-05-26,11269.05,Sell,52.18,52.18017499999996
2017-05-30,11286.00,Sell,16.95,16.949951000000056
2017-05-31,11286.00,,,0
2017-06-01,11334.14,Sell,48.14,48.14013699999987
2017-06-02,11334.14,Buy,,0
2017-06-05,11334.14,Buy,,0
2017-06-06,11334.14,Buy,,0
2017-06-07,11384.16,Sell,50.02,50.01977600000009
2017-06-08,11442.64,Sell,58.48,58.47998000000007
2017-06-09,11442.64,Buy,,0
2017-06-12,11442.64,Buy,,0
2017-06-13,11514.60,Sell,71.96,71.96020499999986
2017-06-14,11587.65,Sell,73.05,73.0498050000001
2017-06-15,11587.65,Buy,,0
2017-06-16,11587.65,Buy,,0
2017-06-19,11667.64,Sell,79.99,79.98999000000003
2017-06-20,11667.64,Buy,,0
2017-06-21,11667.64,Buy,,0
2017-06-22,11736.69,Sell,69.05,69.05004899999994
2017-06-23,11789.73,Sell,53.04,53.04003899999998
2017-06-26,11789.73,Buy,,0
2017-06-27,11789.73,Buy,,0
2017-06-28,11789.73,Buy,,0
2017-06-29,11789.73,Buy,,0
2017-06-30,11789.73,Buy,,0
2017-07-03,11789.73,Buy,,0
2017-07-05,11840.89,Sell,51.16,51.160155999999915
2017-07-06,11840.89,Buy,,0
2017-07-07,11887.82,Sell,46.93,46.92993200000001
2017-07-10,11941.78,Sell,53.96,53.95996100000002
2017-07-11,11941.78,Buy,,0
2017-07-12,11941.78,Buy,,0
2017-07-13,12045.59,Sell,103.81,103.81005800000003
2017-07-14,12045.59,Buy,,0
2017-07-17,12045.59,Buy,,0
2017-07-18,12045.59,,,0
2017-07-19,12045.59,Buy,,0
2017-07-20,12045.59,Buy,,0
2017-07-21,12169.68,Sell,124.09,124.09008799999992
2017-07-24,12293.63,Sell,123.95,123.94995100000006
2017-07-25,12293.63,,,0
2017-07-26,12427.48,Sell,133.85,133.8500979999999
2017-07-27,12427.48,Buy,,0
2017-07-28,12427.48,Buy,,0
2017-07-31,12427.48,Buy,,0
2017-08-01,12427.48,Buy,,0
2017-08-02,12563.46,Sell,135.98,135.97998000000007
2017-08-03,12563.46,Buy,,0
2017-08-04,12681.72,Sell,118.26,118.26000999999997
2017-08-07,12681.72,Buy,,0
2017-08-08,12681.72,Buy,,0
2017-08-09,12681.72,Buy,,0
2017-08-10,12681.72,Buy,,0
2017-08-11,12754.98,Sell,73.26,73.26000900000008
2017-08-14,12754.98,Buy,,0
2017-08-15,12754.98,Buy,,0
2017-08-16,12860.37,Sell,105.39,105.39013599999998
2017-08-17,12860.37,Buy,,0
2017-08-18,12860.37,Buy,,0
2017-08-21,12929.90,Sell,69.53,69.53002900000001
2017-08-22,13022.25,Sell,92.35,92.35009799999989
2017-08-23,13022.25,Buy,,0
2017-08-24,13022.25,Buy,,0
2017-08-25,13022.25,Buy,,0
2017-08-28,13022.25,Buy,,0
2017-08-29,13022.25,Buy,,0
2017-08-30,13022.25,Buy,,0
2017-08-31,13140.95,Sell,118.70,118.69995100000006
2017-09-01,13140.95,Buy,,0
2017-09-05,13140.95,Buy,,0
2017-09-06,13250.95,Sell,110.00,110.0
2017-09-07,13250.95,Buy,,0
2017-09-08,13250.95,Buy,,0
2017-09-11,13250.95,,,0
2017-09-12,13250.95,Buy,,0
2017-09-13,13250.95,Buy,,0
2017-09-14,13250.95,Buy,,0
2017-09-15,13397.40,Sell,146.45,146.44995100000006
2017-09-18,13572.32,Sell,174.92,174.92016599999988
2017-09-19,13572.32,Buy,,0
2017-09-20,13572.32,Buy,,0
2017-09-21,13572.32,Buy,,0
2017-09-22,13732.35,Sell,160.03,160.0300299999999
2017-09-25,13732.35,Buy,,0
2017-09-26,13732.35,Buy,,0
2017-09-27,13732.35,Buy,,0
2017-09-28,13732.35,Buy,,0
2017-09-29,13895.87,Sell,163.52,163.52001900000005
2017-10-02,14050.84,Sell,154.97,154.97021499999983
2017-10-03,14050.84,Buy,,0
2017-10-04,14201.13,Sell,150.29,150.29003899999998
2017-10-05,14201.13,Buy,,0
2017-10-06,14201.13,Buy,,0
2017-10-09,14201.13,Buy,,0
2017-10-10,14363.00,Sell,161.87,161.8698730000001
2017-10-11,14363.00,,,0
2017-10-12,14363.00,Buy,,0
2017-10-13,14363.00,Buy,,0
2017-10-16,14363.00,Buy,,0
2017-10-17,14538.16,Sell,175.16,175.16015599999992
2017-10-18,14538.16,Buy,,0
2017-10-19,14709.09,Sell,170.93,170.93017599999985
2017-10-20,14709.09,Buy,,0
2017-10-23,14709.09,Buy,,0
2017-10-24,14709.09,Buy,,0
2017-10-25,14709.09,Buy,,0
2017-10-26,14881.36,Sell,172.27,172.27001900000005
2017-10-27,15072.91,Sell,191.55,191.55004800000006
2017-10-30,15246.45,Sell,173.54,173.54003899999998
2017-10-31,15246.45,Buy,,0
2017-11-01,15246.45,Buy,,0
2017-11-02,15429.38,Sell,182.93,182.93017599999985
2017-11-03,15617.59,Sell,188.21,188.21020499999986
2017-11-06,15617.59,Buy,,0
2017-11-07,15817.33,Sell,199.74,199.73999099999992
2017-11-08,15817.33,Buy,,0
2017-11-09,15817.33,Buy,,0
2017-11-10,15817.33,Buy,,0
2017-11-13,16001.50,Sell,184.17,184.17016599999988
2017-11-14,16001.50,Buy,,0
2017-11-15,16001.50,Buy,,0
2017-11-16,16230.11,Sell,228.61,228.60986400000002
2017-11-17,16230.11,Buy,,0
2017-11-20,16230.11,Buy,,0
2017-11-21,16230.11,Buy,,0
2017-11-22,16230.11,Buy,,0
2017-11-24,16230.11,Buy,,0
2017-11-27,16230.11,Buy,,0
2017-11-28,16491.43,Sell,261.32,261.320068
2017-11-29,16723.48,Sell,232.05,232.05004800000006
2017-11-30,16966.67,Sell,243.19,243.19018499999993
2017-12-01,16966.67,Buy,,0
2017-12-04,16966.67,Buy,,0
2017-12-05,16966.67,Buy,,0
2017-12-06,16966.67,Buy,,0
2017-12-07,16966.67,Buy,,0
2017-12-08,16966.67,Buy,,0
2017-12-11,16966.67,Buy,,0
2017-12-12,17191.71,Sell,225.04,225.04003899999998
2017-12-13,17191.71,Buy,,0
2017-12-14,17191.71,Buy,,0
2017-12-15,17431.42,Sell,239.71,239.70996100000002
2017-12-18,17692.25,Sell,260.83,260.8298340000001
2017-12-19,17692.25,Buy,,0
2017-12-20,17939.73,Sell,247.48,247.47998000000007
2017-12-21,17939.73,Buy,,0
2017-12-22,17939.73,Buy,,0
2017-12-26,17939.73,Buy,,0
2017-12-27,17939.73,Buy,,0
2017-12-28,17939.73,Buy,,0
