Date,Budget,Buy/Sell,Profit,Reward
2017-01-03,10000.00,Buy,,0
2017-01-04,10000.00,Buy,,0
2017-01-05,10000.00,Buy,,0
2017-01-06,10019.15,Sell,19.15,19.14990200000011
2017-01-09,10019.15,Buy,,0
2017-01-10,10017.30,Sell,1.85,0
2017-01-11,10023.62,Sell,6.32,6.320067999999992
2017-01-12,10023.62,Buy,,0
2017-01-13,10029.36,Sell,5.74,5.739990999999918
2017-01-17,10029.36,Buy,,0
2017-01-18,10029.36,Buy,,0
2017-01-19,10022.61,Sell,6.75,0
2017-01-20,10026.03,Sell,3.42,3.420165999999881
2017-01-23,10026.03,Buy,,0
2017-01-24,10034.21,Sell,8.18,8.180174999999963
2017-01-25,10067.38,Sell,33.17,33.17016599999988
2017-01-26,10067.38,,,0
2017-01-27,10067.38,Buy,,0
2017-01-30,10067.38,Buy,,0
2017-01-31,10051.56,Sell,15.82,0
2017-02-01,10050.21,Sell,1.35,0
2017-02-02,10050.21,Buy,,0
2017-02-03,10050.21,Buy,,0
2017-02-06,10050.21,Buy,,0
2017-02-07,10062.44,Sell,12.23,12.229980000000069
2017-02-08,10059.69,Sell,2.75,0
2017-02-09,10075.00,Sell,15.31,15.310058000000026
2017-02-10,10075.00,Buy,,0
2017-02-13,10075.00,Buy,,0
2017-02-14,10096.48,Sell,21.48,21.47998000000007
2017-02-15,10117.48,Sell,21.00,21.0
2017-02-16,10117.48,Buy,,0
2017-02-17,10121.42,Sell,3.94,3.93994100000009
2017-02-21,10121.42,Buy,,0
2017-02-22,10118.86,Sell,2.56,0
2017-02-23,10118.86,Buy,,0
2017-02-24,10122.39,Sell,3.53,3.530029000000013
2017-02-27,10122.39,Buy,,0
2017-02-28,10116.28,Sell,6.11,0
2017-03-01,10116.28,,,0
2017-03-02,10116.28,,,0
2017-03-03,10116.28,,,0
2017-03-06,10116.28,Buy,,0
2017-03-07,10109.36,Sell,6.92,0
2017-03-08,10109.36,,,0
2017-03-09,10109.36,,,0
2017-03-10,10109.36,,,0
2017-03-13,10109.36,Buy,,0
2017-03-14,10109.36,Buy,,0
2017-03-15,10109.36,Buy,,0
2017-03-16,10109.36,Buy,,0
2017-03-17,10114.14,Sell,4.78,4.780029000000013
2017-03-20,10114.14,,,0
2017-03-21,10092.71,Sell,21.43,0
2017-03-22,10055.90,Sell,36.81,0
2017-03-23,10055.90,Buy,,0
2017-03-24,10055.90,Buy,,0
2017-03-27,10016.11,Sell,39.79,0
2017-03-28,10016.11,Buy,,0
2017-03-29,10016.11,Buy,,0
2017-03-30,10038.21,Sell,22.10,22.10009799999989
2017-03-31,10056.95,Sell,18.74,18.739990999999918
2017-04-03,10057.22,Sell,0.27,0.2700199999999313
2017-04-04,10056.25,Sell,0.97,0
2017-04-05,10056.25,Buy,,0
2017-04-06,10056.25,Buy,,0
2017-04-07,10056.25,Buy,,0
2017-04-10,10060.46,Sell,4.21,4.209961000000021
2017-04-11,10060.46,Buy,,0
2017-04-12,10060.46,Buy,,0
2017-04-13,10060.46,Buy,,0
2017-04-17,10060.46,Buy,,0
2017-04-18,10060.46,Buy,,0
2017-04-19,10041.14,Sell,19.32,0
2017-04-20,10041.14,Buy,,0
2017-04-21,10034.29,Sell,6.85,0
2017-04-24,10034.29,Buy,,0
2017-04-25,10034.29,Buy,,0
2017-04-26,10067.96,Sell,33.67,33.66992200000004
2017-04-27,10111.80,Sell,43.84,43.84008799999992
2017-04-28,10167.05,Sell,55.25,55.25
2017-05-01,10206.37,Sell,39.32,39.32006799999999
2017-05-02,10206.37,Buy,,0
2017-05-03,10252.31,Sell,45.94,45.939941999999974
2017-05-04,10285.99,Sell,33.68,33.67993200000001
2017-05-05,10285.99,Buy,,0
2017-05-08,10285.99,Buy,,0
2017-05-09,10285.99,Buy,,0
2017-05-10,10311.47,Sell,25.48,25.479980999999952
2017-05-11,10317.30,Sell,5.83,5.829834000000119
2017-05-12,10317.30,Buy,,0
2017-05-15,10328.45,Sell,11.15,11.15014599999995
2017-05-16,10329.83,Sell,1.38,1.3798830000000635
2017-05-17,10287.48,Sell,42.35,0
2017-05-18,10256.28,Sell,31.20,0
2017-05-19,10247.11,Sell,9.17,0
2017-05-22,10247.11,,,0
2017-05-23,10247.11,,,0
2017-05-24,10247.11,Buy,,0
2017-05-25,10257.79,Sell,10.68,10.680174999999963
2017-05-26,10257.79,,,0
2017-05-30,10257.79,,,0
2017-05-31,10257.79,,,0
2017-06-01,10257.79,Buy,,0
2017-06-02,10266.80,Sell,9.01,9.010009000000082
2017-06-05,10266.80,,,0
2017-06-06,10266.80,,,0
2017-06-07,10266.80,Buy,,0
2017-06-08,10266.80,Buy,,0
2017-06-09,10266.80,Buy,,0
2017-06-12,10263.05,Sell,3.75,0
2017-06-13,10269.61,Sell,6.56,6.56005899999991
2017-06-14,10275.76,Sell,6.15,6.149902000000111
2017-06-15,10275.76,,,0
2017-06-16,10275.76,,,0
2017-06-19,10275.76,,,0
2017-06-20,10275.76,,,0
2017-06-21,10275.76,,,0
2017-06-22,10275.76,Buy,,0
2017-06-23,10279.56,Sell,3.80,3.8000489999999445
2017-06-26,10279.56,Buy,,0
2017-06-27,10259.87,Sell,19.69,0
2017-06-28,10259.87,,,0
2017-06-29,10259.87,Buy,,0
2017-06-30,10263.58,Sell,3.71,3.709961000000021
2017-07-03,10263.58,Buy,,0
2017-07-05,10267.11,Sell,3.53,3.530029000000013
2017-07-06,10267.11,,,0
2017-07-07,10267.11,,,0
2017-07-10,10267.11,,,0
2017-07-11,10267.11,,,0
2017-07-12,10267.11,Buy,,0
2017-07-13,10267.11,Buy,,0
2017-07-14,10283.13,Sell,16.02,16.02001999999993
2017-07-17,10283.13,Buy,,0
2017-07-18,10283.13,Buy,,0
2017-07-19,10309.13,Sell,26.00,26.0
2017-07-20,10323.44,Sell,14.31,14.310058000000026
2017-07-21,10335.37,Sell,11.93,11.929932000000008
2017-07-24,10335.37,,,0
2017-07-25,10335.37,Buy,,0
2017-07-26,10336.07,Sell,0.70,0.7001949999998942
2017-07-27,10336.07,,,0
2017-07-28,10336.07,,,0
2017-07-31,10336.07,,,0
2017-08-01,10336.07,,,0
2017-08-02,10336.07,,,0
2017-08-03,10336.07,,,0
2017-08-04,10336.07,,,0
2017-08-07,10336.07,,,0
2017-08-08,10336.07,,,0
2017-08-09,10336.07,,,0
2017-08-10,10336.07,,,0
2017-08-11,10336.07,,,0
2017-08-14,10336.07,Buy,,0
2017-08-15,10336.07,Buy,,0
2017-08-16,10338.34,Sell,2.27,2.2700190000000475
2017-08-17,10338.34,Buy,,0
2017-08-18,10338.34,Buy,,0
2017-08-21,10302.10,Sell,36.24,0
2017-08-22,10324.60,Sell,22.50,22.5
2017-08-23,10324.60,Buy,,0
2017-08-24,10324.60,Buy,,0
2017-08-25,10324.60,Buy,,0
2017-08-28,10324.60,Buy,,0
2017-08-29,10324.60,Buy,,0
2017-08-30,10324.60,Buy,,0
2017-08-31,10370.70,Sell,46.10,46.09985300000017
2017-09-01,10370.70,Buy,,0
2017-09-05,10370.70,Buy,,0
2017-09-06,10392.20,Sell,21.50,21.5
2017-09-07,10392.20,Buy,,0
2017-09-08,10414.66,Sell,22.46,22.45996100000002
2017-09-11,10414.66,Buy,,0
2017-09-12,10414.66,Buy,,0
2017-09-13,10414.66,Buy,,0
2017-09-14,10467.23,Sell,52.57,52.57006799999999
2017-09-15,10523.22,Sell,55.99,55.989990000000034
2017-09-18,10580.79,Sell,57.57,57.57006799999999
2017-09-19,10580.79,Buy,,0
2017-09-20,10631.44,Sell,50.65,50.64990200000011
2017-09-21,10655.49,Sell,24.05,24.050048999999944
2017-09-22,10699.86,Sell,44.37,44.3698730000001
2017-09-25,10731.42,Sell,31.56,31.559814000000188
2017-09-26,10740.15,Sell,8.73,8.729980999999952
2017-09-27,10750.71,Sell,10.56,10.56005899999991
2017-09-28,10762.40,Sell,11.69,11.689941999999974
2017-09-29,10762.40,Buy,,0
2017-10-02,10762.40,Buy,,0
2017-10-03,10790.33,Sell,27.93,27.930175999999847
2017-10-04,10808.71,Sell,18.38,18.379883000000063
2017-10-05,10808.71,,,0
2017-10-06,10808.71,Buy,,0
2017-10-09,10808.71,Buy,,0
2017-10-10,10830.23,Sell,21.52,21.519776000000093
2017-10-11,10836.14,Sell,5.91,5.909912000000077
2017-10-12,10836.14,Buy,,0
2017-10-13,10844.58,Sell,8.44,8.439941999999974
2017-10-16,10851.29,Sell,6.71,6.709961000000021
2017-10-17,10851.29,,,0
2017-10-18,10851.29,,,0
2017-10-19,10851.29,,,0
2017-10-20,10851.29,,,0
2017-10-23,10851.29,Buy,,0
2017-10-24,10855.44,Sell,4.15,4.149902999999995
2017-10-25,10855.44,Buy,,0
2017-10-26,10858.69,Sell,3.25,3.25
2017-10-27,10858.69,Buy,,0
2017-10-30,10850.45,Sell,8.24,0
2017-10-31,10850.45,,,0
2017-11-01,10850.45,,,0
2017-11-02,10850.45,Buy,,0
2017-11-03,10858.44,Sell,7.99,7.989990000000034
2017-11-06,10858.44,Buy,,0
2017-11-07,10857.95,Sell,0.49,0
2017-11-08,10857.95,,,0
2017-11-09,10857.95,Buy,,0
2017-11-10,10857.95,Buy,,0
2017-11-13,10857.95,Buy,,0
2017-11-14,10857.95,Buy,,0
2017-11-15,10837.95,Sell,20.00,0
2017-11-16,10841.29,Sell,3.34,3.3398440000000846
2017-11-17,10841.29,Buy,,0
2017-11-20,10841.29,Buy,,0
2017-11-21,10841.29,Buy,,0
2017-11-22,10853.53,Sell,12.24,12.239990000000034
2017-11-24,10853.53,Buy,,0
2017-11-27,10853.53,Buy,,0
2017-11-28,10901.70,Sell,48.17,48.16992200000004
2017-11-29,10901.70,Buy,,0
2017-11-30,10970.43,Sell,68.73,68.72998000000007
2017-12-01,10970.43,Buy,,0
2017-12-04,11027.73,Sell,57.30,57.30004800000006
2017-12-05,11027.73,Buy,,0
2017-12-06,11057.97,Sell,30.24,30.239990999999918
2017-12-07,11057.97,Buy,,0
2017-12-08,11107.05,Sell,49.08,49.08007799999996
2017-12-11,11107.05,Buy,,0
2017-12-12,11169.74,Sell,62.69,62.69018499999993
2017-12-13,11206.52,Sell,36.78,36.7800299999999
2017-12-14,11206.52,Buy,,0
2017-12-15,11206.52,Buy,,0
2017-12-18,11254.46,Sell,47.94,47.93994100000009
2017-12-19,11254.46,Buy,,0
2017-12-20,11254.46,Buy,,0
2017-12-21,11309.46,Sell,55.00,55.0
2017-12-22,11355.82,Sell,46.36,46.360107999999855
2017-12-26,11355.82,Buy,,0
2017-12-27,11355.82,Buy,,0
2017-12-28,11355.82,Buy,,0
