Date,Budget,Buy/Sell,Profit,Reward
2017-01-03,10000.00,Buy,,0
2017-01-04,10000.00,Buy,,0
2017-01-05,10000.00,Buy,,0
2017-01-06,10000.00,Buy,,0
2017-01-09,10011.07,Sell,11.07,11.069824000000153
2017-01-10,10011.07,Buy,,0
2017-01-11,10015.64,Sell,4.57,4.570067999999992
2017-01-12,10015.64,Buy,,0
2017-01-13,10021.28,Sell,5.64,5.639893000000029
2017-01-17,10012.19,Sell,9.09,0
2017-01-18,10015.18,Sell,2.99,2.989990999999918
2017-01-19,10015.18,Buy,,0
2017-01-20,10015.18,Buy,,0
2017-01-23,10015.18,Buy,,0
2017-01-24,10024.81,Sell,9.63,9.630126999999902
2017-01-25,10024.81,Buy,,0
2017-01-26,10057.80,Sell,32.99,32.98999099999992
2017-01-27,10081.18,Sell,23.38,23.37988200000018
2017-01-30,10081.18,Buy,,0
2017-01-31,10081.18,Buy,,0
2017-02-01,10095.53,Sell,14.35,14.350097999999889
2017-02-02,10078.01,Sell,17.52,0
2017-02-03,10094.53,Sell,16.52,16.52001999999993
2017-02-06,10094.53,Buy,,0
2017-02-07,10094.53,Buy,,0
2017-02-08,10110.33,Sell,15.80,15.799805000000106
2017-02-09,10125.64,Sell,15.31,15.310058000000026
2017-02-10,10125.64,Buy,,0
2017-02-13,10160.81,Sell,35.17,35.16992200000004
2017-02-14,10160.81,Buy,,0
2017-02-15,10160.81,Buy,,0
2017-02-16,10191.93,Sell,31.12,31.119873000000098
2017-02-17,10191.93,Buy,,0
2017-02-21,10219.73,Sell,27.80,27.799805000000106
2017-02-22,10233.30,Sell,13.57,13.570067999999992
2017-02-23,10233.30,Buy,,0
2017-02-24,10233.30,Buy,,0
2017-02-27,10233.30,Buy,,0
2017-02-28,10245.78,Sell,12.48,12.479980999999952
2017-03-01,10245.78,Buy,,0
2017-03-02,10263.89,Sell,18.11,18.109863000000132
2017-03-03,10263.89,Buy,,0
2017-03-06,10271.86,Sell,7.97,7.969970999999987
2017-03-07,10271.86,Buy,,0
2017-03-08,10265.09,Sell,6.77,0
2017-03-09,10265.09,Buy,,0
2017-03-10,10265.09,Buy,,0
2017-03-13,10242.60,Sell,22.49,0
2017-03-14,10242.60,Buy,,0
2017-03-15,10244.74,Sell,2.14,2.139893000000029
2017-03-16,10257.73,Sell,12.99,12.989990000000034
2017-03-17,10257.73,Buy,,0
2017-03-20,10266.33,Sell,8.60,8.59985400000005
2017-03-21,10237.75,Sell,28.58,0
2017-03-22,10220.75,Sell,17.00,0
2017-03-23,10188.46,Sell,32.29,0
2017-03-24,10188.46,Buy,,0
2017-03-27,10188.46,Buy,,0
2017-03-28,10188.46,Buy,,0
2017-03-29,10188.46,Buy,,0
2017-03-30,10188.46,Buy,,0
2017-03-31,10207.20,Sell,18.74,18.739990999999918
2017-04-03,10207.20,Buy,,0
2017-04-04,10225.77,Sell,18.57,18.569824000000153
2017-04-05,10225.77,Buy,,0
2017-04-06,10224.69,Sell,1.08,0
2017-04-07,10224.69,Buy,,0
2017-04-10,10224.69,Buy,,0
2017-04-11,10217.34,Sell,7.35,0
2017-04-12,10194.21,Sell,23.13,0
2017-04-13,10164.32,Sell,29.89,0
2017-04-17,10160.38,Sell,3.94,0
2017-04-18,10160.38,Buy,,0
2017-04-19,10160.38,Buy,,0
2017-04-20,10160.68,Sell,0.30,0.3000489999999445
2017-04-21,10160.68,Buy,,0
2017-04-24,10160.68,Buy,,0
2017-04-25,10192.13,Sell,31.45,31.450194999999894
2017-04-26,10192.13,Buy,,0
2017-04-27,10238.71,Sell,46.58,46.58007899999984
2017-04-28,10238.71,Buy,,0
2017-05-01,10238.71,Buy,,0
2017-05-02,10291.71,Sell,53.00,53.0
2017-05-03,10291.71,Buy,,0
2017-05-04,10332.54,Sell,40.83,40.83007899999984
2017-05-05,10332.54,Buy,,0
2017-05-08,10332.54,Buy,,0
2017-05-09,10355.31,Sell,22.77,22.77001999999993
2017-05-10,10367.49,Sell,12.18,12.179932000000008
2017-05-11,10367.49,Buy,,0
2017-05-12,10374.19,Sell,6.70,6.6999510000000555
2017-05-15,10388.18,Sell,13.99,13.989990000000034
2017-05-16,10388.18,Buy,,0
2017-05-17,10357.08,Sell,31.10,0
2017-05-18,10357.08,Buy,,0
2017-05-19,10339.52,Sell,17.56,0
2017-05-22,10339.52,Buy,,0
2017-05-23,10339.52,Buy,,0
2017-05-24,10339.52,Buy,,0
2017-05-25,10339.52,Buy,,0
2017-05-26,10339.52,Buy,,0
2017-05-30,10353.05,Sell,13.53,13.530029000000013
2017-05-31,10353.05,Buy,,0
2017-06-01,10388.67,Sell,35.62,35.62011799999982
2017-06-02,10388.67,Buy,,0
2017-06-05,10388.67,Buy,,0
2017-06-06,10388.67,Buy,,0
2017-06-07,10388.67,Buy,,0
2017-06-08,10388.67,Buy,,0
2017-06-09,10388.67,Buy,,0
2017-06-12,10417.39,Sell,28.72,28.719970999999987
2017-06-13,10417.39,Buy,,0
2017-06-14,10417.39,Buy,,0
2017-06-15,10417.39,Buy,,0
2017-06-16,10417.39,Buy,,0
2017-06-19,10417.39,Buy,,0
2017-06-20,10417.39,Buy,,0
2017-06-21,10417.39,Buy,,0
2017-06-22,10417.39,Buy,,0
2017-06-23,10417.39,Buy,,0
2017-06-26,10490.74,Sell,73.35,73.350097
2017-06-27,10490.74,Buy,,0
2017-06-28,10537.41,Sell,46.67,46.66992100000016
2017-06-29,10537.41,Buy,,0
2017-06-30,10537.41,Buy,,0
2017-07-03,10568.00,Sell,30.59,30.590087999999923
2017-07-05,10568.00,Buy,,0
2017-07-06,10568.00,Buy,,0
2017-07-07,10588.79,Sell,20.79,20.79003899999998
2017-07-10,10588.79,Buy,,0
2017-07-11,10588.79,Buy,,0
2017-07-12,10588.79,Buy,,0
2017-07-13,10621.55,Sell,32.76,32.760009999999966
2017-07-14,10665.00,Sell,43.45,43.44995199999994
2017-07-17,10665.00,Buy,,0
2017-07-18,10665.00,Buy,,0
2017-07-19,10665.00,Buy,,0
2017-07-20,10665.00,Buy,,0
2017-07-21,10665.00,Buy,,0
2017-07-24,10723.11,Sell,58.11,58.10986300000013
2017-07-25,10723.11,Buy,,0
2017-07-26,10723.11,Buy,,0
2017-07-27,10759.46,Sell,36.35,36.34985400000005
2017-07-28,10759.46,Buy,,0
2017-07-31,10759.46,Buy,,0
2017-08-01,10799.71,Sell,40.25,40.25
2017-08-02,10847.95,Sell,48.24,48.239990000000034
2017-08-03,10847.95,Buy,,0
2017-08-04,10891.64,Sell,43.69,43.69018499999993
2017-08-07,10938.76,Sell,47.12,47.1198730000001
2017-08-08,10981.91,Sell,43.15,43.14990200000011
2017-08-09,10981.91,Buy,,0
2017-08-10,10979.77,Sell,2.14,0
2017-08-11,10979.77,Buy,,0
2017-08-14,11007.69,Sell,27.92,27.92016599999988
2017-08-15,11007.69,Buy,,0
2017-08-16,11043.34,Sell,35.65,35.65014599999995
2017-08-17,11040.20,Sell,3.14,0
2017-08-18,11040.20,Buy,,0
2017-08-21,11015.11,Sell,25.09,0
2017-08-22,11030.59,Sell,15.48,15.479980999999952
2017-08-23,11030.59,Buy,,0
2017-08-24,11030.59,Buy,,0
2017-08-25,11038.03,Sell,7.44,7.439941999999974
2017-08-28,11038.03,Buy,,0
2017-08-29,11038.03,Buy,,0
2017-08-30,11038.03,Buy,,0
2017-08-31,11075.18,Sell,37.15,37.14990200000011
2017-09-01,11113.43,Sell,38.25,38.25
2017-09-05,11113.43,Buy,,0
2017-09-06,11113.43,Buy,,0
2017-09-07,11113.43,Buy,,0
2017-09-08,11113.43,Buy,,0
2017-09-11,11182.16,Sell,68.73,68.73022399999991
2017-09-12,11258.94,Sell,76.78,76.78002900000001
2017-09-13,11258.94,Buy,,0
2017-09-14,11258.94,Buy,,0
2017-09-15,11258.94,Buy,,0
2017-09-18,11339.40,Sell,80.46,80.46020499999986
2017-09-19,11413.51,Sell,74.11,74.10986300000013
2017-09-20,11512.00,Sell,98.49,98.48999000000003
2017-09-21,11585.17,Sell,73.17,73.17016599999988
2017-09-22,11661.86,Sell,76.69,76.68994199999997
2017-09-25,11661.86,Buy,,0
2017-09-26,11715.45,Sell,53.59,53.59008799999992
2017-09-27,11763.35,Sell,47.90,47.90014599999995
2017-09-28,11763.35,Buy,,0
2017-09-29,11822.10,Sell,58.75,58.75
2017-10-02,11877.39,Sell,55.29,55.29003899999998
2017-10-03,11877.39,Buy,,0
2017-10-04,11941.68,Sell,64.29,64.29003899999998
2017-10-05,11941.68,Buy,,0
2017-10-06,11941.68,Buy,,0
2017-10-09,11941.68,Buy,,0
2017-10-10,12019.78,Sell,78.10,78.09985400000005
2017-10-11,12097.89,Sell,78.11,78.11010699999997
2017-10-12,12170.99,Sell,73.10,73.09985400000005
2017-10-13,12252.06,Sell,81.07,81.06982400000015
2017-10-16,12339.40,Sell,87.34,87.33984400000008
2017-10-17,12426.60,Sell,87.20,87.2001949999999
2017-10-18,12426.60,Buy,,0
2017-10-19,12514.68,Sell,88.08,88.08007799999996
2017-10-20,12648.57,Sell,133.89,133.88989300000003
2017-10-23,12648.57,Buy,,0
2017-10-24,12648.57,Buy,,0
2017-10-25,12741.11,Sell,92.54,92.53979500000014
2017-10-26,12741.11,Buy,,0
2017-10-27,12741.11,Buy,,0
2017-10-30,12888.39,Sell,147.28,147.280029
2017-10-31,12888.39,Buy,,0
2017-11-01,13023.71,Sell,135.32,135.320068
2017-11-02,13164.59,Sell,140.88,140.8801269999999
2017-11-03,13308.19,Sell,143.60,143.6000979999999
2017-11-06,13308.19,Buy,,0
2017-11-07,13452.53,Sell,144.34,144.33984400000008
2017-11-08,13452.53,Buy,,0
2017-11-09,13579.56,Sell,127.03,127.03002900000001
2017-11-10,13579.56,Buy,,0
2017-11-13,13706.55,Sell,126.99,126.98999000000003
2017-11-14,13706.55,Buy,,0
2017-11-15,13706.55,Buy,,0
2017-11-16,13706.55,Buy,,0
2017-11-17,13706.55,Buy,,0
2017-11-20,13823.15,Sell,116.60,116.59985400000005
2017-11-21,13957.08,Sell,133.93,133.92993100000012
2017-11-22,13957.08,Buy,,0
2017-11-24,14098.07,Sell,140.99,140.98999000000003
2017-11-27,14201.12,Sell,103.05,103.0498050000001
2017-11-28,14201.12,Buy,,0
2017-11-29,14331.57,Sell,130.45,130.44995100000006
2017-11-30,14331.57,Buy,,0
2017-12-01,14473.56,Sell,141.99,141.98999099999992
2017-12-04,14616.34,Sell,142.78,142.780029
2017-12-05,14616.34,Buy,,0
2017-12-06,14616.34,Buy,,0
2017-12-07,14743.26,Sell,126.92,126.91992100000016
2017-12-08,14743.26,Buy,,0
2017-12-11,14868.67,Sell,125.41,125.40991200000008
2017-12-12,14980.71,Sell,112.04,112.04003899999998
2017-12-13,14980.71,Buy,,0
2017-12-14,15083.39,Sell,102.68,102.67993200000001
2017-12-15,15214.47,Sell,131.08,131.08007899999984
2017-12-18,15214.47,Buy,,0
2017-12-19,15334.68,Sell,120.21,120.20996100000002
2017-12-20,15448.95,Sell,114.27,114.27001999999993
2017-12-21,15564.39,Sell,115.44,115.44018499999993
2017-12-22,15687.33,Sell,122.94,122.94018599999981
2017-12-26,15786.76,Sell,99.43,99.42993200000001
2017-12-27,15894.12,Sell,107.36,107.36010699999997
2017-12-28,15990.53,Sell,96.41,96.41015599999992
