Date,Budget,Buy/Sell,Profit,Reward
2017-01-03,10000.00,Buy,,0
2017-01-04,10000.00,Buy,,0
2017-01-05,10000.00,Buy,,0
2017-01-06,10000.00,Buy,,0
2017-01-09,10011.07,Sell,11.07,11.069824000000153
2017-01-10,10009.22,Sell,1.85,0
2017-01-11,10015.54,Sell,6.32,6.320067999999992
2017-01-12,10015.54,Buy,,0
2017-01-13,10013.20,Sell,2.34,0
2017-01-17,10010.65,Sell,2.55,0
2017-01-18,10010.65,Buy,,0
2017-01-19,10010.65,Buy,,0
2017-01-20,10010.65,Buy,,0
2017-01-23,10003.96,Sell,6.69,0
2017-01-24,10003.96,Buy,,0
2017-01-25,10038.64,Sell,34.68,34.68017599999985
2017-01-26,10064.01,Sell,25.37,25.369873000000098
2017-01-27,10064.01,Buy,,0
2017-01-30,10064.01,Buy,,0
2017-01-31,10064.01,Buy,,0
2017-02-01,10063.49,Sell,0.52,0
2017-02-02,10063.49,Buy,,0
2017-02-03,10063.49,Buy,,0
2017-02-06,10061.36,Sell,2.13,0
2017-02-07,10061.36,Buy,,0
2017-02-08,10075.13,Sell,13.77,13.770019999999931
2017-02-09,10075.13,Buy,,0
2017-02-10,10075.13,Buy,,0
2017-02-13,10075.13,Buy,,0
2017-02-14,10133.84,Sell,58.71,58.70996100000002
2017-02-15,10202.24,Sell,68.40,68.39990200000011
2017-02-16,10252.04,Sell,49.80,49.800048999999944
2017-02-17,10310.12,Sell,58.08,58.07983400000012
2017-02-21,10367.63,Sell,57.51,57.50976600000013
2017-02-22,10414.35,Sell,46.72,46.7199700000001
2017-02-23,10414.35,Buy,,0
2017-02-24,10414.35,Buy,,0
2017-02-27,10455.85,Sell,41.50,41.5
2017-02-28,10455.68,Sell,0.17,0
2017-03-01,10484.30,Sell,28.62,28.619873000000098
2017-03-02,10484.30,Buy,,0
2017-03-03,10484.30,Buy,,0
2017-03-06,10484.30,Buy,,0
2017-03-07,10484.30,Buy,,0
2017-03-08,10484.30,Buy,,0
2017-03-09,10484.30,Buy,,0
2017-03-10,10484.30,Buy,,0
2017-03-13,10475.85,Sell,8.45,0
2017-03-14,10458.18,Sell,17.67,0
2017-03-15,10468.13,Sell,9.95,9.949951000000056
2017-03-16,10481.12,Sell,12.99,12.989990000000034
2017-03-17,10481.12,Buy,,0
2017-03-20,10481.12,Buy,,0
2017-03-21,10462.16,Sell,18.96,0
2017-03-22,10445.74,Sell,16.42,0
2017-03-23,10419.10,Sell,26.64,0
2017-03-24,10419.10,Buy,,0
2017-03-27,10382.44,Sell,36.66,0
2017-03-28,10367.54,Sell,14.90,0
2017-03-29,10384.69,Sell,17.15,17.149902999999995
2017-03-30,10384.69,Buy,,0
2017-03-31,10379.35,Sell,5.34,0
2017-04-03,10379.35,Buy,,0
2017-04-04,10379.35,Buy,,0
2017-04-05,10373.46,Sell,5.89,0
2017-04-06,10373.46,Buy,,0
2017-04-07,10373.46,Buy,,0
2017-04-10,10373.46,Buy,,0
2017-04-11,10367.08,Sell,6.38,0
2017-04-12,10367.08,Buy,,0
2017-04-13,10367.08,Buy,,0
2017-04-17,10358.60,Sell,8.48,0
2017-04-18,10358.60,Buy,,0
2017-04-19,10358.60,,,0
2017-04-20,10358.60,Buy,,0
2017-04-21,10351.75,Sell,6.85,0
2017-04-24,10351.75,Buy,,0
2017-04-25,10351.75,Buy,,0
2017-04-26,10351.75,Buy,,0
2017-04-27,10383.36,Sell,31.61,31.610107999999855
2017-04-28,10383.36,Buy,,0
2017-05-01,10383.36,Buy,,0
2017-05-02,10429.60,Sell,46.24,46.239990000000034
2017-05-03,10488.78,Sell,59.18,59.17993200000001
2017-05-04,10488.78,Buy,,0
2017-05-05,10488.78,Buy,,0
2017-05-08,10488.78,Buy,,0
2017-05-09,10543.51,Sell,54.73,54.72998099999995
2017-05-10,10587.30,Sell,43.79,43.78979500000014
2017-05-11,10587.30,Buy,,0
2017-05-12,10587.30,Buy,,0
2017-05-15,10615.47,Sell,28.17,28.17016599999988
2017-05-16,10615.47,Buy,,0
2017-05-17,10583.89,Sell,31.58,0
2017-05-18,10583.89,Buy,,0
2017-05-19,10583.89,Buy,,0
2017-05-22,10590.46,Sell,6.57,6.570068999999876
2017-05-23,10590.46,Buy,,0
2017-05-24,10610.65,Sell,20.19,20.189941999999974
2017-05-25,10610.65,,,0
2017-05-26,10638.14,Sell,27.49,27.489990000000034
2017-05-30,10638.14,Buy,,0
2017-05-31,10638.14,Buy,,0
2017-06-01,10678.68,Sell,40.54,40.54003899999998
2017-06-02,10678.68,Buy,,0
2017-06-05,10715.49,Sell,36.81,36.81005899999991
2017-06-06,10745.44,Sell,29.95,29.950194999999894
2017-06-07,10784.14,Sell,38.70,38.69995199999994
2017-06-08,10784.14,Buy,,0
2017-06-09,10825.01,Sell,40.87,40.87011799999982
2017-06-12,10825.01,Buy,,0
2017-06-13,10825.01,,,0
2017-06-14,10825.01,Buy,,0
2017-06-15,10825.01,Buy,,0
2017-06-16,10825.01,,,0
2017-06-19,10825.01,Buy,,0
2017-06-20,10825.01,Buy,,0
2017-06-21,10825.01,Buy,,0
2017-06-22,10825.01,Buy,,0
2017-06-23,10825.01,Buy,,0
2017-06-26,10825.01,Buy,,0
2017-06-27,10825.01,Buy,,0
2017-06-28,10825.01,Buy,,0
2017-06-29,10844.04,Sell,19.03,19.030029000000013
2017-06-30,10844.04,Buy,,0
2017-07-03,10844.04,Buy,,0
2017-07-05,10844.04,,,0
2017-07-06,10844.04,Buy,,0
2017-07-07,10903.50,Sell,59.46,59.45996100000002
2017-07-10,10903.50,Buy,,0
2017-07-11,10903.50,Buy,,0
2017-07-12,10903.50,Buy,,0
2017-07-13,10903.50,Buy,,0
2017-07-14,10981.04,Sell,77.54,77.54003999999986
2017-07-17,11041.76,Sell,60.72,60.71997099999999
2017-07-18,11089.46,Sell,47.70,47.700194999999894
2017-07-19,11151.49,Sell,62.03,62.03002900000001
2017-07-20,11151.49,Buy,,0
2017-07-21,11151.49,Buy,,0
2017-07-24,11151.49,Buy,,0
2017-07-25,11151.49,Buy,,0
2017-07-26,11190.25,Sell,38.76,38.760009999999966
2017-07-27,11190.25,Buy,,0
2017-07-28,11228.56,Sell,38.31,38.31005899999991
2017-07-31,11269.47,Sell,40.91,40.910155999999915
2017-08-01,11307.90,Sell,38.43,38.43017599999985
2017-08-02,11353.01,Sell,45.11,45.11010699999997
2017-08-03,11353.01,Buy,,0
2017-08-04,11353.01,Buy,,0
2017-08-07,11353.01,Buy,,0
2017-08-08,11374.47,Sell,21.46,21.45996100000002
2017-08-09,11374.47,Buy,,0
2017-08-10,11374.47,,,0
2017-08-11,11378.76,Sell,4.29,4.290038999999979
2017-08-14,11378.76,Buy,,0
2017-08-15,11407.76,Sell,29.00,29.0
2017-08-16,11407.76,Buy,,0
2017-08-17,11403.27,Sell,4.49,0
2017-08-18,11403.27,Buy,,0
2017-08-21,11403.27,Buy,,0
2017-08-22,11403.27,Buy,,0
2017-08-23,11403.27,Buy,,0
2017-08-24,11403.94,Sell,0.67,0.6699220000000423
2017-08-25,11403.94,Buy,,0
2017-08-28,11409.11,Sell,5.17,5.169922000000042
2017-08-29,11409.11,Buy,,0
2017-08-30,11447.32,Sell,38.21,38.21020499999986
2017-08-31,11447.32,Buy,,0
2017-09-01,11447.32,Buy,,0
2017-09-05,11447.32,Buy,,0
2017-09-06,11472.17,Sell,24.85,24.85009799999989
2017-09-07,11513.86,Sell,41.69,41.69018599999981
2017-09-08,11546.28,Sell,32.42,32.41992200000004
2017-09-11,11624.64,Sell,78.36,78.36010699999997
2017-09-12,11624.64,Buy,,0
2017-09-13,11695.58,Sell,70.94,70.94018499999993
2017-09-14,11695.58,,,0
2017-09-15,11695.58,Buy,,0
2017-09-18,11773.92,Sell,78.34,78.34008799999992
2017-09-19,11773.92,Buy,,0
2017-09-20,11838.91,Sell,64.99,64.98999000000003
2017-09-21,11838.91,Buy,,0
2017-09-22,11893.30,Sell,54.39,54.38989300000003
2017-09-25,11893.30,Buy,,0
2017-09-26,11893.30,Buy,,0
2017-09-27,11893.30,Buy,,0
2017-09-28,11929.91,Sell,36.61,36.610107999999855
2017-09-29,11929.91,Buy,,0
2017-10-02,11929.91,,,0
2017-10-03,11929.91,Buy,,0
2017-10-04,11995.11,Sell,65.20,65.19995100000006
2017-10-05,12077.27,Sell,82.16,82.16015599999992
2017-10-06,12149.47,Sell,72.20,72.2001949999999
2017-10-09,12149.47,Buy,,0
2017-10-10,12224.69,Sell,75.22,75.21997099999999
2017-10-11,12307.77,Sell,83.08,83.08007799999996
2017-10-12,12381.87,Sell,74.10,74.09985400000005
2017-10-13,12381.87,Buy,,0
2017-10-16,12381.87,Buy,,0
2017-10-17,12460.32,Sell,78.45,78.4501949999999
2017-10-18,12547.56,Sell,87.24,87.23999000000003
2017-10-19,12547.56,Buy,,0
2017-10-20,12547.56,Buy,,0
2017-10-23,12646.70,Sell,99.14,99.13989200000015
2017-10-24,12646.70,Buy,,0
2017-10-25,12735.74,Sell,89.04,89.03979500000014
2017-10-26,12735.74,Buy,,0
2017-10-27,12735.74,Buy,,0
2017-10-30,12735.74,Buy,,0
2017-10-31,12735.74,Buy,,0
2017-11-01,12735.74,Buy,,0
2017-11-02,12735.74,,,0
2017-11-03,12898.03,Sell,162.29,162.29003899999998
2017-11-06,12898.03,Buy,,0
2017-11-07,12898.03,Buy,,0
2017-11-08,12898.03,Buy,,0
2017-11-09,13054.28,Sell,156.25,156.25
2017-11-10,13184.07,Sell,129.79,129.79003899999998
2017-11-13,13184.07,Buy,,0
2017-11-14,13184.07,,,0
2017-11-15,13184.07,Buy,,0
2017-11-16,13184.07,Buy,,0
2017-11-17,13184.07,Buy,,0
2017-11-20,13322.17,Sell,138.10,138.09985400000005
2017-11-21,13322.17,Buy,,0
2017-11-22,13322.17,Buy,,0
2017-11-24,13481.54,Sell,159.37,159.3698730000001
2017-11-27,13481.54,Buy,,0
2017-11-28,13481.54,Buy,,0
2017-11-29,13661.31,Sell,179.77,179.77001900000005
2017-11-30,13661.31,Buy,,0
2017-12-01,13661.31,Buy,,0
2017-12-04,13829.10,Sell,167.79,167.79003899999998
2017-12-05,13829.10,Buy,,0
2017-12-06,13829.10,Buy,,0
2017-12-07,13829.10,Buy,,0
2017-12-08,14004.05,Sell,174.95,174.94995100000006
2017-12-11,14004.05,Buy,,0
2017-12-12,14210.31,Sell,206.26,206.26000900000008
2017-12-13,14376.68,Sell,166.37,166.37011799999982
2017-12-14,14528.46,Sell,151.78,151.7800299999999
2017-12-15,14528.46,Buy,,0
2017-12-18,14528.46,Buy,,0
2017-12-19,14528.46,Buy,,0
2017-12-20,14701.06,Sell,172.60,172.6000979999999
2017-12-21,14701.06,Buy,,0
2017-12-22,14701.06,,,0
2017-12-26,14880.96,Sell,179.90,179.8999020000001
2017-12-27,15066.92,Sell,185.96,185.96020499999986
2017-12-28,15066.92,Buy,,0
