Date,Budget,Buy/Sell,Profit,Reward
2017-01-03,10000.00,Buy,,0
2017-01-04,10000.00,Buy,,0
2017-01-05,10011.17,Sell,11.17,11.169922000000042
2017-01-06,10017.40,Sell,6.23,6.229980000000069
2017-01-09,10017.40,Buy,,0
2017-01-10,10017.40,Sell,0.00,0.0
2017-01-11,10017.40,Buy,,0
2017-01-12,10012.52,Sell,4.88,0
2017-01-13,10012.52,,,0
2017-01-17,10012.52,,,0
2017-01-18,10012.52,Buy,,0
2017-01-19,10004.32,Sell,8.20,0
2017-01-20,10004.32,,,0
2017-01-23,10004.32,Buy,,0
2017-01-24,10019.19,Sell,14.87,14.870116999999937
2017-01-25,10019.19,Buy,,0
2017-01-26,10017.50,Sell,1.69,0
2017-01-27,10017.50,,,0
2017-01-30,10017.50,,,0
2017-01-31,10017.50,,,0
2017-02-01,10017.50,Buy,,0
2017-02-02,10018.80,Sell,1.30,1.3000489999999445
2017-02-03,10018.80,,,0
2017-02-06,10018.80,Buy,,0
2017-02-07,10018.80,Buy,,0
2017-02-08,10020.91,Sell,2.11,2.109863000000132
2017-02-09,10035.70,Sell,14.79,14.790038999999979
2017-02-10,10035.70,Buy,,0
2017-02-13,10047.85,Sell,12.15,12.149902000000111
2017-02-14,10047.85,Buy,,0
2017-02-15,10059.52,Sell,11.67,11.669922000000042
2017-02-16,10059.52,,,0
2017-02-17,10059.52,,,0
2017-02-21,10059.52,Buy,,0
2017-02-22,10056.96,Sell,2.56,0
2017-02-23,10056.96,Buy,,0
2017-02-24,10060.49,Sell,3.53,3.530029000000013
2017-02-27,10060.49,,,0
2017-02-28,10060.49,,,0
2017-03-01,10060.49,Buy,,0
2017-03-02,10046.45,Sell,14.04,0
2017-03-03,10046.45,Buy,,0
2017-03-06,10038.64,Sell,7.81,0
2017-03-07,10038.64,,,0
2017-03-08,10038.64,,,0
2017-03-09,10038.64,Buy,,0
2017-03-10,10046.37,Sell,7.73,7.7299809999999525
2017-03-13,10046.37,Buy,,0
2017-03-14,10038.35,Sell,8.02,0
2017-03-15,10038.35,,,0
2017-03-16,10038.35,Buy,,0
2017-03-17,10038.35,Buy,,0
2017-03-20,10030.44,Sell,7.91,0
2017-03-21,9996.21,Sell,34.23,0
2017-03-22,9996.21,,,0
2017-03-23,9996.21,,,0
2017-03-24,9996.21,,,0
2017-03-27,9996.21,,,0
2017-03-28,9996.21,,,0
2017-03-29,9996.21,,,0
2017-03-30,9996.21,Buy,,0
2017-03-31,9990.87,Sell,5.34,0
2017-04-03,9990.87,,,0
2017-04-04,9990.87,,,0
2017-04-05,9990.87,,,0
2017-04-06,9990.87,,,0
2017-04-07,9990.87,,,0
2017-04-10,9990.87,,,0
2017-04-11,9990.87,,,0
2017-04-12,9990.87,,,0
2017-04-13,9990.87,,,0
2017-04-17,9990.87,,,0
2017-04-18,9990.87,Buy,,0
2017-04-19,9986.85,Sell,4.02,0
2017-04-20,9986.85,Buy,,0
2017-04-21,9979.70,Sell,7.15,0
2017-04-24,9979.70,,,0
2017-04-25,9979.70,Buy,,0
2017-04-26,9978.54,Sell,1.16,0
2017-04-27,9978.54,,,0
2017-04-28,9978.54,Buy,,0
2017-05-01,9978.54,Buy,,0
2017-05-02,9985.51,Sell,6.97,6.969970999999987
2017-05-03,9985.31,Sell,0.20,0
2017-05-04,9985.31,,,0
2017-05-05,9985.31,Buy,,0
2017-05-08,9985.31,Buy,,0
2017-05-09,9982.94,Sell,2.37,0
2017-05-10,9982.94,Buy,,0
2017-05-11,9982.94,Buy,,0
2017-05-12,9974.46,Sell,8.48,0
2017-05-15,9974.46,Buy,,0
2017-05-16,9975.50,Sell,1.04,1.0400389999999788
2017-05-17,9975.50,Buy,,0
2017-05-18,9975.50,Buy,,0
2017-05-19,9975.50,Buy,,0
2017-05-22,9975.08,Sell,0.42,0
2017-05-23,9971.18,Sell,3.90,0
2017-05-24,9971.18,Buy,,0
2017-05-25,9971.18,Buy,,0
2017-05-26,9971.18,Buy,,0
2017-05-30,10027.06,Sell,55.88,55.87988300000006
2017-05-31,10027.06,Buy,,0
2017-06-01,10027.06,Buy,,0
2017-06-02,10100.41,Sell,73.35,73.350097
2017-06-05,10100.41,Buy,,0
2017-06-06,10148.01,Sell,47.60,47.60009799999989
2017-06-07,10148.01,Buy,,0
2017-06-08,10148.01,Buy,,0
2017-06-09,10148.01,Buy,,0
2017-06-12,10173.01,Sell,25.00,25.0
2017-06-13,10173.01,Buy,,0
2017-06-14,10173.01,Buy,,0
2017-06-15,10190.40,Sell,17.39,17.38989300000003
2017-06-16,10207.73,Sell,17.33,17.32983400000012
2017-06-19,10249.39,Sell,41.66,41.65991200000008
2017-06-20,10256.36,Sell,6.97,6.969970000000103
2017-06-21,10256.36,Buy,,0
2017-06-22,10254.76,Sell,1.60,0
2017-06-23,10259.92,Sell,5.16,5.160155999999915
2017-06-26,10265.20,Sell,5.28,5.280029000000013
2017-06-27,10252.81,Sell,12.39,0
2017-06-28,10252.81,Buy,,0
2017-06-29,10232.16,Sell,20.65,0
2017-06-30,10217.65,Sell,14.51,0
2017-07-03,10217.65,Buy,,0
2017-07-05,10214.58,Sell,3.07,0
2017-07-06,10183.64,Sell,30.94,0
2017-07-07,10183.64,Buy,,0
2017-07-10,10183.64,Buy,,0
2017-07-11,10180.16,Sell,3.48,0
2017-07-12,10198.23,Sell,18.07,18.070067999999992
2017-07-13,10218.63,Sell,20.40,20.40014599999995
2017-07-14,10218.63,,,0
2017-07-17,10218.63,Buy,,0
2017-07-18,10220.10,Sell,1.47,1.4702139999999417
2017-07-19,10220.10,,,0
2017-07-20,10220.10,,,0
2017-07-21,10220.10,Buy,,0
2017-07-24,10217.47,Sell,2.63,0
2017-07-25,10217.47,,,0
2017-07-26,10217.47,Buy,,0
2017-07-27,10215.06,Sell,2.41,0
2017-07-28,10215.06,,,0
2017-07-31,10215.06,Buy,,0
2017-08-01,10215.06,Buy,,0
2017-08-02,10222.33,Sell,7.27,7.2700190000000475
2017-08-03,10222.33,Buy,,0
2017-08-04,10222.81,Sell,0.48,0.4799800000000687
2017-08-07,10222.81,Buy,,0
2017-08-08,10222.81,Buy,,0
2017-08-09,10222.81,Buy,,0
2017-08-10,10188.86,Sell,33.95,0
2017-08-11,10149.27,Sell,39.59,0
2017-08-14,10140.19,Sell,9.08,0
2017-08-15,10140.19,Buy,,0
2017-08-16,10134.28,Sell,5.91,0
2017-08-17,10099.68,Sell,34.60,0
2017-08-18,10099.68,,,0
2017-08-21,10099.68,,,0
2017-08-22,10099.68,,,0
2017-08-23,10099.68,,,0
2017-08-24,10099.68,,,0
2017-08-25,10099.68,Buy,,0
2017-08-28,10100.87,Sell,1.19,1.1899410000000898
2017-08-29,10100.87,,,0
2017-08-30,10100.87,Buy,,0
2017-08-31,10114.93,Sell,14.06,14.059814000000188
2017-09-01,10114.93,,,0
2017-09-05,10114.93,,,0
2017-09-06,10114.93,,,0
2017-09-07,10114.93,Buy,,0
2017-09-08,10111.26,Sell,3.67,0
2017-09-11,10111.26,,,0
2017-09-12,10111.26,,,0
2017-09-13,10111.26,Buy,,0
2017-09-14,10111.26,Buy,,0
2017-09-15,10111.26,Buy,,0
2017-09-18,10116.76,Sell,5.50,5.5
2017-09-19,10127.79,Sell,11.03,11.029785000000174
2017-09-20,10127.79,Buy,,0
2017-09-21,10128.16,Sell,0.37,0.3701179999998203
2017-09-22,10128.16,Buy,,0
2017-09-25,10128.16,Buy,,0
2017-09-26,10116.76,Sell,11.40,0
2017-09-27,10121.58,Sell,4.82,4.820067999999992
2017-09-28,10134.98,Sell,13.40,13.400146999999833
2017-09-29,10134.98,Buy,,0
2017-10-02,10144.74,Sell,9.76,9.760009999999966
2017-10-03,10144.74,Buy,,0
2017-10-04,10144.74,Buy,,0
2017-10-05,10144.74,Buy,,0
2017-10-06,10159.49,Sell,14.75,14.75
2017-10-09,10166.48,Sell,6.99,6.989990000000034
2017-10-10,10166.48,Buy,,0
2017-10-11,10169.65,Sell,3.17,3.1699220000000423
2017-10-12,10169.94,Sell,0.29,0.29003899999997884
2017-10-13,10169.94,,,0
2017-10-16,10169.94,,,0
2017-10-17,10169.94,Buy,,0
2017-10-18,10169.94,Buy,,0
2017-10-19,10169.94,Buy,,0
2017-10-20,10185.79,Sell,15.85,15.84985400000005
2017-10-23,10185.79,Buy,,0
2017-10-24,10185.79,Buy,,0
2017-10-25,10181.68,Sell,4.11,0
2017-10-26,10179.98,Sell,1.70,0
2017-10-27,10196.07,Sell,16.09,16.090087999999923
2017-10-30,10199.77,Sell,3.70,3.700194999999894
2017-10-31,10199.77,Buy,,0
2017-11-01,10203.87,Sell,4.10,4.100097000000005
2017-11-02,10203.87,Buy,,0
2017-11-03,10203.87,Buy,,0
2017-11-06,10203.87,Buy,,0
2017-11-07,10214.66,Sell,10.79,10.78979500000014
2017-11-08,10214.66,Buy,,0
2017-11-09,10211.44,Sell,3.22,0
2017-11-10,10202.61,Sell,8.83,0
2017-11-13,10193.07,Sell,9.54,0
2017-11-14,10193.07,,,0
2017-11-15,10193.07,,,0
2017-11-16,10193.07,Buy,,0
2017-11-17,10193.07,Buy,,0
2017-11-20,10189.57,Sell,3.50,0
2017-11-21,10209.75,Sell,20.18,20.179931000000124
2017-11-22,10209.75,Buy,,0
2017-11-24,10215.09,Sell,5.34,5.339844000000085
2017-11-27,10215.09,Buy,,0
2017-11-28,10240.71,Sell,25.62,25.620116999999937
2017-11-29,10240.71,,,0
2017-11-30,10240.71,,,0
2017-12-01,10240.71,,,0
2017-12-04,10240.71,,,0
2017-12-05,10240.71,Buy,,0
2017-12-06,10240.41,Sell,0.30,0
2017-12-07,10240.41,Buy,,0
2017-12-08,10254.93,Sell,14.52,14.520019999999931
2017-12-11,10254.93,,,0
2017-12-12,10254.93,Buy,,0
2017-12-13,10254.93,Buy,,0
2017-12-14,10242.83,Sell,12.10,0
2017-12-15,10255.79,Sell,12.96,12.959961000000021
2017-12-18,10255.79,Buy,,0
2017-12-19,10247.10,Sell,8.69,0
2017-12-20,10247.10,Buy,,0
2017-12-21,10252.42,Sell,5.32,5.320067999999992
2017-12-22,10252.42,,,0
2017-12-26,10252.42,,,0
2017-12-27,10252.42,,,0
2017-12-28,10252.42,,,0
